      0/99     12.2G    0.1192   0.08041     0.068    0.2677        41       512         0         0         0         0         0         0         0
      1/99     12.4G    0.1212   0.07189   0.06808    0.2612        21       512         0         0         0         0         0         0         0
      2/99     12.4G    0.1189   0.08301   0.06732    0.2692        41       512         0         0         0         0         0         0         0
      3/99     12.4G    0.1201   0.07352   0.06915    0.2628        22       512         0         0  0.003229 0.0005959    0.1163   0.06597   0.06744
      4/99     12.2G    0.1167   0.08304   0.06825     0.268        33       512         0         0  0.004032 0.0008573    0.1147   0.06566   0.06746
      5/99     12.2G    0.1139   0.06954   0.06806    0.2515        17       512         0         0  0.004042 0.0009223    0.1128   0.06574   0.06747
      6/99     12.2G    0.1128     0.085   0.06731    0.2651        11       512         0         0  0.004744   0.00116    0.1108   0.06615   0.06732
      7/99     12.2G     0.112    0.0825   0.06667    0.2611        20       512         0         0  0.007747  0.001658    0.1091   0.06667   0.06719
      8/99     12.2G    0.1065   0.08262   0.06793     0.257        13       512         0         0  0.009379  0.002954    0.1073   0.06736   0.06696
      9/99     12.2G    0.1074   0.08751   0.06537    0.2603        19       512         0         0   0.01107  0.003983    0.1056   0.06818   0.06672
     10/99     12.2G    0.1029   0.08816    0.0658    0.2569        32       512         0         0   0.00928  0.002894    0.1041    0.0689   0.06654
     11/99     12.2G    0.1017   0.09213   0.06447    0.2583        41       512         0         0  0.007901  0.002004    0.1027   0.06957   0.06632
     12/99     12.2G    0.1003   0.09211   0.06435    0.2568        27       512         0         0  0.007006  0.001401    0.1013   0.07028   0.06619
     13/99     12.2G   0.09797    0.0783   0.06456    0.2408        27       512         0         0   0.00732   0.00146   0.09971   0.07106   0.06601
     14/99     12.2G    0.0971   0.07981    0.0648    0.2417        15       512         0         0   0.00646  0.001502   0.09854   0.07157   0.06587
     15/99     12.2G    0.0936   0.08843   0.06461    0.2466        30       512         0         0  0.008403  0.002141   0.09701   0.07221   0.06569
     16/99     12.2G   0.08948   0.07965   0.06375    0.2329        14       512         0         0   0.01033  0.002556   0.09577   0.07253    0.0655
     17/99     12.2G    0.0914   0.09416   0.06432    0.2499         8       512         0         0   0.01224  0.002621   0.09492   0.07262    0.0653
     18/99     12.2G   0.08839    0.0994   0.06219      0.25        18       512         0         0   0.01389  0.002922   0.09433   0.07256   0.06512
     19/99     12.2G   0.09047    0.1047    0.0625    0.2577        26       512         0         0   0.01422  0.003055   0.09378    0.0725   0.06501
     20/99     12.2G   0.08934    0.1049   0.06178     0.256        13       512         0         0   0.01414  0.003677   0.09345   0.07214   0.06492
     21/99     12.2G   0.08846   0.09918   0.06014    0.2478        29       512     0.125  0.003571   0.01353  0.003349   0.09269   0.07221   0.06475
     22/99     12.2G    0.0871   0.09632   0.06169    0.2451        21       512     0.125  0.003571   0.01461  0.004131     0.092   0.07203   0.06456
     23/99     12.2G   0.08242   0.09132   0.06211    0.2359        23       512     0.125  0.003571   0.02302  0.005569   0.09077   0.07207    0.0644
     24/99     12.2G   0.08231   0.08107   0.06203    0.2254        18       512     0.125  0.006173   0.02585  0.006789   0.08975   0.07216   0.06424
     25/99     12.2G   0.07907   0.09418   0.06106    0.2343        27       512    0.0961  0.007143   0.02698  0.008234   0.08885   0.07209   0.06404
     26/99     12.2G   0.08227   0.08693   0.06075    0.2299        11       512   0.03801   0.01118   0.02693  0.008579   0.08834   0.07193   0.06392
     27/99     12.2G   0.08081   0.09096   0.06134    0.2331        20       512    0.0393   0.01925   0.02669  0.008176   0.08749   0.07202    0.0637
     28/99     12.2G   0.07871   0.08904    0.0598    0.2275        16       512   0.04202   0.03371    0.0291  0.008026   0.08692   0.07219   0.06353
     29/99     12.2G   0.07778   0.08362   0.06018    0.2216        13       512   0.04408   0.03802   0.02963  0.007726   0.08623   0.07227   0.06332
     30/99     12.2G   0.07679   0.07843   0.06082     0.216        22       512   0.04112   0.04637    0.0358  0.008394   0.08551   0.07224   0.06308
     31/99     12.2G   0.07684   0.08213   0.06035    0.2193        13       512    0.0385   0.05754   0.03166  0.008965   0.08464    0.0723   0.06287
     32/99     12.2G    0.0736    0.1022   0.05968    0.2355        36       512   0.04816    0.1104   0.03585  0.007961   0.08347   0.07229   0.06262
     33/99     12.2G   0.07684    0.1184   0.05809    0.2533        62       512   0.04596    0.1802    0.0389   0.01028    0.0826   0.07245   0.06238
     34/99     12.2G   0.07387    0.0973   0.05663    0.2278        19       512   0.04358    0.1914   0.04226   0.01203   0.08211   0.07265   0.06219
     35/99     12.2G   0.07581    0.0897   0.05695    0.2225        46       512   0.05134    0.2283   0.04596   0.01266   0.08148   0.07303   0.06198
     36/99     12.2G   0.07373   0.09174   0.05664    0.2221        48       512    0.0499    0.2444   0.04674   0.01317   0.08098   0.07321   0.06181
     37/99     12.2G   0.07096   0.07853   0.05825    0.2077        22       512    0.0528    0.2641   0.04386   0.01431   0.08035   0.07263    0.0616
     38/99     12.2G   0.07251   0.07894    0.0574    0.2088        16       512   0.04979    0.2424   0.04724   0.01492   0.07995   0.07158    0.0614
     39/99     12.2G   0.07141   0.08131   0.05789    0.2106        13       512   0.05196    0.2553   0.05414   0.01457    0.0785   0.07097   0.06118
     40/99     12.2G   0.07038   0.09688   0.05551    0.2228        34       512   0.04642    0.2486    0.0509   0.01662   0.07744    0.0708   0.06098
     41/99     12.2G   0.06802   0.08429   0.05717    0.2095        15       512   0.05238    0.2669   0.05924   0.01577   0.07756   0.07039   0.06085
     42/99     12.2G   0.06686   0.07919   0.05678    0.2028        16       512   0.05581    0.2796   0.06021   0.01842   0.07667   0.07076   0.06077
     43/99     12.2G   0.06589    0.0735   0.05527    0.1947        31       512   0.05452     0.276   0.06285   0.02201   0.07612   0.07077   0.06049
     44/99     12.2G   0.06657   0.07851   0.05919    0.2043        19       512   0.05518    0.2846   0.06316   0.02212   0.07586   0.07008    0.0603
     45/99     12.2G   0.06546   0.07783   0.05276    0.1961        39       512   0.05223    0.2644   0.05527   0.02184    0.0749   0.07005   0.06016
     46/99     12.2G    0.0645   0.08214   0.05519    0.2018        27       512   0.05842    0.2715   0.06071   0.02094   0.07453   0.06949      0.06
     47/99     12.2G   0.06562   0.06693   0.05802    0.1906        15       512   0.06164    0.2799   0.06343   0.02169   0.07536   0.06941   0.05983
     48/99     12.2G   0.06288   0.07836   0.05466    0.1959        14       512   0.03929    0.2303   0.05945   0.01829   0.07371   0.06939   0.05968
     49/99     12.2G   0.06381   0.08314   0.05407     0.201        16       512   0.04539    0.2547    0.0684   0.02419   0.07292   0.06968   0.05959
     50/99     12.2G   0.06365   0.07396   0.05112    0.1887        20       512   0.04094    0.2557   0.07237   0.02345   0.07247   0.06995   0.05944
     51/99     12.2G   0.06294   0.07586    0.0519    0.1907        23       512   0.03885    0.2331   0.07271   0.02601   0.07177   0.06942   0.05922
     52/99     12.2G   0.06145   0.07497   0.05537    0.1918        14       512    0.0356    0.2282    0.0649   0.02568   0.07289    0.0695    0.0591
     53/99     12.2G    0.0599   0.07325   0.05372    0.1869        26       512   0.04065    0.2713   0.06687   0.01948   0.07214   0.06964   0.05877
     54/99     12.2G    0.0615   0.09131    0.0539    0.2067        13       512   0.03623    0.2503    0.0704   0.02851   0.07178   0.06944   0.05858
     55/99     12.2G   0.06119   0.06936   0.05465    0.1852        23       512   0.04954    0.2982   0.08328   0.02705   0.07243   0.06874   0.05838
     56/99     12.2G   0.05875   0.07333   0.05105    0.1831        22       512   0.04064    0.2315   0.07136   0.02963    0.0708   0.06812   0.05822
     57/99     12.2G   0.05832   0.06107   0.05225    0.1716         9       512   0.04382    0.2485      0.07    0.0298    0.0713   0.06758    0.0579
     58/99     12.2G    0.0623   0.07207   0.05223    0.1866        19       512   0.04625    0.2741   0.07361   0.02453   0.07076   0.06758   0.05773
     59/99     12.2G   0.05997   0.08159     0.049    0.1906        27       512   0.04589    0.2461   0.07741   0.02788   0.06899   0.06695   0.05759
     60/99     12.2G   0.05628   0.06648   0.04988    0.1726        21       512   0.04292    0.2491   0.07049   0.02694   0.07005   0.06659   0.05738
     61/99     12.2G   0.05835   0.06498   0.05095    0.1743        25       512   0.04957    0.2627   0.07573   0.02907   0.06912   0.06672   0.05717
     62/99     12.2G   0.05734   0.07855   0.05012     0.186        38       512   0.04597    0.2574   0.07235   0.02769    0.0686   0.06681   0.05702
     63/99     12.2G   0.05572   0.07057   0.04646    0.1728        25       512   0.05808    0.2754   0.08212   0.03157   0.06925   0.06643   0.05682
     64/99     12.2G   0.05852   0.08702   0.04814    0.1937        51       512   0.07046    0.3141     0.072   0.02967   0.06883    0.0666   0.05666
     65/99     12.2G   0.05694   0.06475   0.05169    0.1734        28       512   0.06804    0.2873   0.07793   0.03152   0.06779   0.06625   0.05657
     66/99     12.2G   0.05657   0.07352   0.04902    0.1791        28       512    0.0622    0.2954   0.07608   0.02915   0.06741   0.06703   0.05629
     67/99     12.2G   0.05543   0.06157   0.05325    0.1702        15       512   0.06059    0.2926   0.07487   0.02912   0.06861   0.06707   0.05616
     68/99     12.2G    0.0559   0.07538   0.04855    0.1798        26       512   0.06315    0.2992   0.07534   0.03101   0.06718   0.06737   0.05608
     69/99     12.2G   0.05403   0.06946   0.05211    0.1756         9       512   0.05947    0.2909   0.08431   0.03396   0.06669   0.06818   0.05594
     70/99     12.2G   0.05625   0.06561   0.05121    0.1731        10       512   0.04996    0.2873   0.06964   0.02173   0.06908   0.06809   0.05583
     71/99     12.2G   0.05649   0.07911   0.04675    0.1824        29       512   0.03434     0.236   0.07628   0.02815   0.06615   0.06797   0.05579
     72/99     12.2G   0.05276    0.0797   0.04935    0.1818        27       512   0.04152    0.2879   0.08543   0.02646   0.06659   0.06865   0.05565
     73/99     12.2G   0.05452   0.07489   0.05042    0.1798        38       512   0.03803    0.2684   0.08369   0.02614   0.06631   0.06894   0.05556
     74/99     12.2G   0.05285   0.06289   0.04682    0.1626        27       512   0.03887    0.2684   0.08716   0.03399   0.06545   0.06868   0.05548
     75/99     12.2G   0.05243   0.07564   0.04686    0.1749        29       512   0.04023    0.2838   0.08531   0.03517   0.06448    0.0683   0.05534
     76/99     12.2G   0.05171   0.07831   0.04671    0.1767        21       512   0.04141    0.3048   0.08836   0.03476   0.06568   0.06866   0.05528
     77/99     12.2G   0.05408   0.05954   0.04534     0.159        13       512   0.04241    0.2934   0.09124    0.0402   0.06449   0.06833   0.05519
     78/99     12.2G   0.05118   0.06463   0.04866    0.1645        11       512   0.04168    0.3091   0.08567   0.04014   0.06476   0.06836   0.05495
     79/99     12.2G   0.05306    0.0594   0.05342    0.1659        21       512   0.03612    0.2752   0.08494   0.03458    0.0666   0.06736   0.05479
     80/99     12.2G   0.05316   0.07603    0.0485    0.1777        32       512   0.03624    0.2616   0.07895   0.03079   0.06428   0.06697   0.05469
     81/99     12.2G   0.04888   0.05771   0.05105    0.1576        15       512   0.04268     0.278    0.1021   0.03419   0.06376   0.06685   0.05457
     82/99     12.2G   0.05264   0.08197   0.04805    0.1826        46       512   0.04219    0.2566    0.0932   0.03992   0.06352   0.06666   0.05445
     83/99     12.2G    0.0523    0.0682   0.04768    0.1682        22       512   0.03731    0.2623    0.1018   0.03545   0.06403   0.06673    0.0544
     84/99     12.2G   0.04969   0.07058     0.045    0.1653        14       512   0.04041    0.2663   0.09795   0.04362   0.06252   0.06697   0.05425
     85/99     12.2G   0.04862   0.07451   0.04608    0.1692        20       512   0.03111    0.2475   0.08957    0.0353   0.06384   0.06741   0.05419
     86/99     12.2G    0.0489    0.0691   0.04614    0.1641        28       512   0.03677    0.2589    0.1017   0.04428   0.06225   0.06767   0.05405
     87/99     12.2G   0.04939   0.07074   0.04925    0.1694        16       512   0.03331    0.2546    0.1031   0.04489   0.06284    0.0682   0.05387
     88/99     12.2G   0.05186   0.06527   0.04852    0.1656        27       512   0.03245    0.2546   0.09506   0.03422   0.06365   0.06821    0.0538
     89/99     12.2G   0.04929   0.06774   0.04611    0.1632        40       512   0.03581    0.2589    0.1074   0.04882     0.062   0.06763   0.05376
     90/99     12.2G   0.04729   0.07618   0.04611    0.1696        37       512   0.03713    0.2546     0.112   0.04942   0.06134   0.06694   0.05373
     91/99     12.2G   0.04708     0.057   0.05098    0.1551        18       512    0.0376     0.251    0.1111   0.05618   0.06123   0.06632    0.0537
     92/99     12.2G   0.04545   0.06052   0.04853    0.1545        13       512   0.03947    0.2546    0.1092    0.0508   0.06077   0.06658   0.05361
     93/99     12.2G   0.04646   0.07172   0.04663    0.1648        15       512   0.03849    0.2505    0.1067   0.04729   0.06071   0.06678   0.05353
     94/99     12.2G   0.04604   0.06727   0.04722    0.1605        22       512   0.03826    0.2505    0.1105   0.04913   0.06073   0.06691   0.05352
     95/99     12.2G   0.04501   0.06252   0.04921    0.1567        22       512   0.03665    0.2505    0.1065    0.0438   0.06107   0.06692   0.05345
     96/99     12.2G   0.04722   0.07344    0.0452    0.1659        31       512   0.04239    0.2869    0.1101   0.04013   0.06096   0.06701   0.05343
     97/99     12.2G   0.04696   0.06483   0.04523     0.157        27       512   0.03847    0.2616    0.1064   0.03925   0.06108    0.0665   0.05343
     98/99     12.2G   0.04879   0.09241   0.04426    0.1855        42       512   0.04373    0.2869     0.112   0.04517   0.06067   0.06611   0.05341
